100
18 10 2
5 14 25
13 8 1
6 16 78
6 12 92
9 18 8
17 6 68
4 18 14
6 5 27
7 14 49
10 4 61
13 3 56
9 18 76
6 19 14
2 12 96
6 16 31
5 18 33
10 19 2
15 19 91
10 6 45
7 8 45
11 17 87
6 9 87
7 1 18
6 12 45
2 3 83
17 11 53
2 1 98
3 1 16
2 1 7
6 18 81
1 15 12
1 19 41
4 17 26
6 12 41
18 16 66
16 7 19
16 13 16
7 11 67
16 6 77
1 16 46
11 17 29
3 13 60
4 19 37
13 2 83
18 3 23
5 18 90
5 8 69
9 1 3
14 6 18
1 16 84
1 6 26
11 13 3
11 2 40
12 11 10
11 13 40
5 8 36
2 7 45
18 12 99
10 18 3
4 5 91
8 18 44
1 18 19
8 2 81
11 3 6
15 11 37
19 10 44
16 5 47
18 11 32
13 19 91
8 2 26
7 13 9
11 3 43
14 1 61
18 5 28
7 1 53
19 6 3
8 17 64
12 18 13
4 9 70
4 14 74
19 13 48
9 13 44
11 9 59
3 12 1
18 2 48
4 2 99
2 10 9
15 11 35
15 17 42
2 7 62
5 11 30
6 3 44
1 10 56
12 6 75
9 4 54
4 10 70
13 15 84
14 12 20
5 16 60
