100
18 9 5
11 15 16
11 2 95
4 8 88
11 19 70
15 18 25
3 19 27
1 5 27
15 10 62
1 19 22
14 9 65
1 3 81
4 8 26
18 13 30
7 16 51
17 8 8
14 15 46
13 17 67
16 1 46
13 10 61
16 14 61
6 15 49
13 10 6
9 5 2
14 12 31
5 12 65
3 10 58
11 3 5
13 8 62
8 4 62
17 9 47
2 9 38
9 18 7
4 12 7
14 13 78
5 1 95
19 3 66
16 2 20
17 13 30
3 5 30
11 3 74
2 16 91
19 13 91
14 8 63
16 5 95
5 9 40
18 12 49
13 4 73
17 19 23
9 13 18
8 14 27
12 3 55
14 8 31
1 10 74
4 13 71
5 11 67
6 13 93
7 8 98
14 13 90
7 8 54
15 12 8
9 2 61
3 8 56
9 14 22
15 8 37
7 4 11
17 5 66
17 10 33
2 4 18
10 4 36
9 14 62
1 3 19
19 12 48
9 7 91
15 18 91
3 8 39
14 11 89
6 11 44
11 16 38
13 18 97
3 2 4
6 8 72
18 7 13
18 13 25
13 6 66
5 18 81
15 2 11
3 17 56
7 18 69
16 19 38
12 1 21
7 2 9
13 18 58
7 1 95
3 17 46
18 15 82
15 8 9
15 7 39
15 9 50
12 5 83
