100
11 8 88
18 9 38
13 11 20
16 19 80
13 16 83
7 14 83
3 11 47
10 16 1
13 10 79
13 11 45
11 15 91
3 7 76
12 17 17
18 2 33
4 6 38
4 7 1
4 3 89
2 1 53
2 15 3
13 16 17
2 19 96
14 4 56
16 2 17
9 5 89
15 8 7
7 14 10
19 6 89
12 13 95
16 18 38
1 7 99
12 19 46
11 9 49
12 7 81
14 18 71
16 8 71
1 15 44
8 1 76
18 10 38
7 18 56
13 8 45
11 10 56
1 6 6
16 5 32
10 16 95
18 17 95
6 6 95
7 8 76
10 7 83
14 16 35
7 13 84
6 12 2
7 19 35
15 2 48
9 4 32
9 10 90
1 13 59
2 13 96
16 4 60
15 18 99
3 16 38
5 14 65
18 6 79
12 8 39
6 9 77
2 14 35
11 9 33
12 17 69
7 19 94
10 8 41
3 9 33
18 3 52
5 6 82
8 11 44
12 17 4
9 6 92
6 18 22
3 5 96
2 4 6
17 1 28
12 18 62
10 12 41
15 7 17
13 19 80
5 3 67
9 16 49
10 14 47
10 8 40
15 14 37
8 6 20
19 13 83
12 15 98
16 3 93
3 1 41
5 18 7
14 4 87
17 15 49
13 8 51
7 6 4
18 12 4
5 11 54
