100
3 11 26
10 8 62
12 16 32
15 16 66
7 9 58
17 12 15
16 13 94
15 6 96
3 1 87
1 14 89
17 10 22
10 3 49
19 5 2
12 5 79
12 1 79
17 9 53
7 8 82
17 12 80
7 1 61
19 12 43
7 19 57
9 3 58
10 11 90
17 2 84
14 17 93
12 4 75
11 12 60
13 3 58
17 7 14
15 6 91
16 19 29
8 9 50
17 7 72
18 4 69
3 15 46
16 6 29
12 19 29
8 5 35
16 4 2
10 14 14
17 11 54
8 2 82
19 5 42
2 13 49
19 13 79
2 18 85
9 7 18
14 4 76
17 9 97
15 19 28
4 8 90
5 10 3
1 7 24
13 1 83
2 8 57
4 15 97
4 8 73
9 5 70
3 8 3
7 3 72
1 13 7
1 5 17
3 11 54
7 17 2
17 7 82
10 18 60
4 17 54
13 12 39
14 7 74
1 6 4
3 10 4
9 4 70
14 15 15
16 6 67
2 3 13
11 4 74
13 1 51
17 10 51
18 6 8
4 14 26
17 12 44
7 18 93
19 17 11
3 11 12
5 16 12
12 6 70
3 17 68
19 7 98
18 2 61
6 13 79
7 14 40
13 2 14
13 17 14
1 19 22
11 10 5
11 9 85
5 4 45
19 13 90
6 4 9
1 18 16
