100
5 7 17
12 4 79
1 6 94
18 14 35
11 17 16
3 18 58
3 18 57
7 14 87
2 2 87
1 18 30
15 16 81
14 10 44
1 7 62
16 9 91
9 13 24
17 2 17
6 9 77
10 16 60
11 12 96
6 3 93
19 14 72
11 18 25
6 14 20
10 12 9
6 1 38
6 18 32
11 15 88
19 4 50
13 2 30
18 3 94
4 19 46
10 6 22
12 2 72
13 13 72
18 7 81
18 2 1
4 2 77
4 10 45
16 6 26
14 15 60
8 3 46
7 1 27
5 9 83
17 9 21
16 9 42
16 12 58
3 18 84
19 18 7
2 13 96
11 7 23
11 9 56
1 12 60
13 9 53
2 5 20
2 12 32
14 10 83
10 6 90
1 2 90
1 18 91
4 5 79
11 8 47
5 3 25
10 9 27
1 5 52
6 17 74
18 12 4
3 18 65
7 14 24
13 8 56
1 15 24
7 16 18
18 14 59
15 3 6
17 15 49
13 18 81
18 17 29
3 18 86
14 1 96
5 1 89
13 6 9
9 4 75
19 10 47
10 4 7
6 1 61
13 19 89
12 11 74
3 17 84
6 19 76
7 3 22
7 10 25
16 7 25
9 14 15
18 6 6
2 18 94
19 15 21
2 4 64
14 2 24
11 10 45
3 10 45
3 2 17
