100
10 7 12
7 16 16
4 19 99
4 1 90
6 8 83
4 6 37
10 19 70
15 14 83
3 17 28
14 7 19
4 14 74
5 11 10
2 15 41
4 9 83
5 19 60
19 4 15
5 15 26
3 7 17
4 15 15
7 10 50
16 17 68
9 16 27
4 1 21
18 3 70
17 16 5
11 19 5
15 1 11
4 6 11
4 6 36
13 12 36
4 18 55
10 6 82
3 13 79
5 1 65
2 1 25
11 15 24
17 14 95
1 9 75
14 6 64
4 11 99
10 6 82
5 15 74
2 18 28
18 16 70
10 11 69
14 8 51
8 5 4
5 1 86
2 19 23
8 12 99
12 7 79
8 7 85
17 5 71
11 14 58
14 19 80
18 5 33
18 11 74
8 13 84
1 9 84
5 18 57
9 11 59
5 1 52
7 3 74
1 18 38
10 6 2
10 17 24
15 13 82
2 10 84
13 11 37
1 16 21
16 8 16
10 15 84
17 8 28
10 11 19
17 15 60
12 14 46
11 8 88
11 4 87
6 17 81
11 15 8
2 15 8
4 12 26
1 5 47
10 19 59
10 5 40
15 17 95
7 9 43
6 14 37
7 9 75
1 6 94
16 17 42
14 10 23
17 4 76
1 3 96
2 5 45
17 14 41
8 18 23
14 7 86
10 4 86
14 8 49
