100
11 6 91
9 7 47
12 5 97
19 10 14
15 11 61
9 7 1
15 13 32
9 10 36
3 12 23
16 1 8
13 17 1
1 13 68
18 9 28
1 11 78
6 1 44
7 10 24
3 10 68
18 4 91
6 15 30
13 9 38
3 10 98
15 3 55
8 19 34
18 14 4
12 17 46
19 15 46
7 3 97
3 4 61
17 2 66
9 4 9
18 10 11
13 9 34
9 2 88
8 9 14
3 9 20
5 18 92
5 17 19
4 13 48
6 2 19
3 11 49
8 7 30
19 18 2
10 7 27
1 4 66
4 5 21
19 15 72
10 18 96
10 13 57
19 17 72
5 8 41
10 6 71
14 6 6
14 8 70
17 19 77
9 2 29
18 9 53
8 13 42
8 11 98
18 2 21
8 5 68
11 12 53
18 13 93
15 18 74
18 11 88
13 3 35
11 13 32
6 14 30
11 5 17
9 18 77
8 4 63
3 10 95
5 3 66
2 13 48
9 18 48
16 6 11
1 11 46
13 2 2
4 8 53
8 19 64
6 3 79
5 11 1
11 4 39
4 1 39
12 17 34
17 2 47
8 19 10
17 13 59
15 7 79
16 5 34
17 19 94
8 3 36
19 18 32
19 2 97
5 7 45
6 3 53
3 19 96
5 11 12
11 15 12
14 19 9
18 16 98
